a	b	c	d	e	f	g	h	y
2.025588	-2.205163	0	7.154154	2	.6176614	8.729362	-.6352609	-2.206128
1.042631	2.06195	0	8.595983	2	.5275812	7.367698	1.542897	4.605536
.2977124	-.6501833	1	11.07145	4	.3624222	12.74165	.2141798	-2.501656
-1.722132	.7983938	0	3.389171	2	.3648863	2.922349	.7465412	-.5249962
-.7291995	-.7413647	1	7.460582	3	.9917883	8.089104	-.0920892	-1.636064
.8618261	-1.339125	1	3.585248	2	.2405843	3.940557	-.3348724	-1.231247
-.239354	4.160858	0	7.44822	1	.4393875	14.13467	-1.255822	8.871084
.516549	-.1512499	1	7.36182	5	.0307601	11.52139	.8085151	.346314
-1.812016	1.429853	1	2.714392	4	.1718106	14.21781	1.629094	.2329092
-1.015124	1.804021	0	3.010679	6	.1105879	11.35856	.7639784	3.153557
1.095368	4.5504	0	9.474378	0	.4324358	3.289107	.9300886	9.976235
1.332649	1.30356	1	3.247756	4	.8729911	4.168042	-.3021606	5.029026
-.360688	1.969651	0	4.994256	4	.6648242	15.28163	.8290614	2.283315
.7351056	-2.687366	0	10.04354	3	.1244997	1.978301	-1.858705	-5.132364
-.9614829	2.427449	0	3.166085	4	.5278571	32.74327	-.6691958	5.429294
.75213	1.277978	0	.6546053	3	.5127833	16.56884	.4375004	2.143445
-.4666531	.5022672	1	.628243	4	.8333161	8.563272	-.2435074	-.8271693
-2.452076	-1.097083	0	2.407708	5	.6817377	16.22423	-1.114064	-6.188093
-2.322006	-1.871329	0	4.165763	5	.4845729	3.804251	-.0847842	-6.228339
-.6115704	-.3721323	1	3.263487	5	.2944788	11.1363	-.4362779	-.5037096
-.4618155	.9137157	0	.7898583	6	.8284228	11.07079	-1.535139	2.978143
2.436316	.8891688	0	3.092556	3	.44875	8.188071	-.6179062	3.892911
-.2123416	-.4416199	1	3.253026	4	.2654837	8.574274	-.2211174	-.6162057
-.8114582	.0632722	1	1.387903	1	.2546648	7.654198	.6386104	.0725082
.0204311	1.762764	1	1.24614	3	.7175995	6.883469	.0499628	4.277384
.9089745	1.423525	1	.6265332	5	.4547102	6.191785	.7321752	5.338735
1.000468	2.979666	1	4.300409	6	.494354	18.28762	-.1162961	7.726246
.0400055	2.226172	1	4.463809	3	.4289863	4.707754	.278876	3.68297
1.743336	-.0224809	0	1.854302	7	.9854398	29.14005	-.1409997	3.142433
-.3708646	4.081521	0	3.895833	5	.7938672	6.825427	.6301614	6.763222
-.1547564	2.714874	1	10.46768	2	.612014	11.13969	-.1803649	5.820196
-1.554458	-.7289933	1	7.093831	2	.8825162	7.852934	1.271985	-2.954996
-.7080316	.5431214	0	1.697327	2	.3936025	6.077112	.5192071	-.7357576
-.0601965	-2.237321	1	4.034287	4	.601393	2.723772	.4858367	-3.471151
-.0790126	3.109097	1	2.185409	6	.8043981	16.27813	.6128013	5.156672
.6055562	.8997443	0	9.652742	2	.0909679	5.628195	-1.589857	2.988294
-.8665136	2.353951	1	3.6744	1	.8412092	19.35044	1.032638	3.909373
.43038	-4.15138	1	1.042281	5	.5609053	14.59495	.9400938	-7.550468
-.9160471	1.154789	0	7.640904	3	.9704686	19.27176	-.0591174	1.152612
.9241885	2.24248	1	3.545774	7	.6773301	7.910871	-.7850636	5.193204
.134037	.0120911	1	.9012368	4	.1248228	2.336243	-.0666112	.0305043
1.023776	2.076543	1	2.711955	7	.8240818	6.042401	-.2185775	3.967351
.2006883	-1.589846	0	11.11032	2	.934288	13.09788	-.947028	-4.606882
-.4237095	4.774521	0	3.652412	4	.7834124	4.431762	-.6056169	9.238061
.3103299	2.453764	1	4.80816	9	.1172038	3.90837	2.139643	6.355464
-.5142499	3.011876	1	4.797695	6	.4087504	2.586016	-.1487219	5.475637
-.7490882	4.036228	1	.4298746	3	.6745947	11.27684	-.9828705	7.37711
-1.354164	-2.081479	1	1.516054	2	.3161592	10.7199	-.7566906	-5.537449
-.6525941	-1.576909	0	5.530509	7	.6903986	4.719505	.5021957	-4.337184
.0328846	3.46659	1	3.479225	6	.0925611	16.43659	-.5776314	6.168951
-.6189822	-1.903108	1	5.751397	3	.2888551	3.624422	-.8326343	-5.119824
-.9560616	.5350567	0	7.816766	4	.1112714	2.385998	-.0032766	.0461392
.710319	.3724506	1	3.409361	1	.461933	11.88904	.3758772	.9650269
-.0171469	-.8976641	1	7.758554	6	.5134432	14.04768	-.5175157	-1.687823
1.793087	1.015078	1	2.238642	3	.8729915	16.4447	-.4099182	2.571928
-.6413133	1.340368	1	2.023803	7	.2862389	2.750981	.7268895	1.226982
.9137927	2.685538	0	8.724532	2	.3332354	12.09925	2.018435	5.556842
-.5650643	3.997404	1	2.005931	3	.4295215	4.411012	.1862133	8.65187
-.6269404	.4334691	0	1.694337	6	.8593095	5.491906	.6519747	1.009367
.0329728	.7051975	1	6.978673	6	.4384618	9.261292	-.1662551	1.01383
-1.311697	-3.600916	1	3.222362	4	.3382256	7.060884	.760433	-9.195214
.0321375	2.578121	0	2.356031	2	.452405	10.97787	.2186426	5.930661
-1.227839	.8196841	0	3.361372	3	.2358193	11.76854	-1.707171	-.1455075
-.6824138	3.675577	1	2.056533	0	.9537724	9.196741	1.751216	6.850733
1.032709	-.333399	1	4.38833	3	.7377019	5.774839	1.210474	1.452956
-.1106868	1.194898	1	2.392394	1	.6622074	2.50411	.8729669	2.87062
-.7403983	-.7738383	0	5.067592	3	.2960716	6.612442	-.6479706	-2.101574
-.1817126	-1.666311	1	1.426162	3	.0513371	6.282806	.4821978	-3.281345
.790556	.3150656	1	2.31219	8	.764928	6.679316	2.473005	1.474763
-.4528557	-2.114307	1	7.469511	4	.1143686	2.614978	-.2120028	-3.127386
-2.566291	3.510231	0	2.912356	6	.9870077	9.521385	-1.672697	3.863598
-.9870923	4.203457	0	2.133355	3	.8072343	17.53459	1.093677	8.437143
1.213854	.7341093	1	5.501563	4	.3170503	4.775528	-.1014742	5.310669
1.1479	3.676034	1	1.081511	10	.9246687	15.602	.4000104	7.043524
-1.845906	.6665019	0	4.448466	4	.2639346	5.941522	-2.717255	-.6141632
.2466657	2.793691	1	2.694564	4	.2995962	7.903542	1.996745	5.838913
-.0849733	2.498164	0	7.205545	2	.1876176	6.068293	1.00598	4.252859
-.1620399	1.161633	0	2.45337	3	.7715384	11.48868	.6193026	2.191085
.4854001	1.301345	0	1.370439	6	.2053319	4.198281	.3507923	3.744884
-.2555817	-1.144814	0	10.01162	4	.3982272	21.36853	-.0553635	-2.802255
-.2768313	1.815681	1	12.1263	6	.212216	10.78363	-.2395273	2.192114
-.6544462	-3.091988	0	5.36353	6	.484962	6.113164	-1.582198	-6.746181
-1.336185	-2.105832	0	2.69584	4	.0717486	8.985227	-.4805917	-5.060138
-.0546583	-.2040512	1	3.748845	8	.5649898	6.132073	-.7270743	.4637173
.1403725	1.075789	1	1.645213	5	.7105699	9.945395	-1.35874	3.098007
-.9984499	-1.555586	0	3.286284	5	.8132978	11.90342	2.104825	-2.55772
-1.291706	-.7409301	1	1.750687	4	.0143657	9.383562	-.0268785	-.9060139
1.705364	.6000654	1	6.584943	3	.6928629	4.232088	.1960493	.7318919
-.3663575	1.932678	1	6.625633	4	.9131664	4.412238	-.404328	3.972131
1.368091	1.306484	0	6.406231	3	.6366578	6.145335	.5041084	3.825375
-.5294532	2.879212	1	4.902974	4	.5743563	5.036823	.5220973	4.355909
-1.121993	2.608144	1	2.908898	11	.7381257	19.10873	-.7053177	3.561535
-.2736341	2.919511	0	5.996097	8	.2967751	14.43169	.1005766	3.304643
.3632325	3.854242	0	5.44783	4	.4217503	9.314868	.7451522	8.780939
.3122114	-.4743143	0	7.136911	3	.101691	10.73979	-1.775132	-1.196212
-.6627333	3.70908	0	8.257566	5	.8720255	1.3284	.7481497	6.993671
-.1025308	3.326161	1	4.236041	5	.1807417	7.358258	-2.061095	6.12317
-.760644	3.650674	1	.4735006	3	.1073445	2.736797	1.28678	6.804849
-.5178247	4.250417	1	1.40857	4	.683354	19.21503	.6542383	10.25385
.3475243	.2841043	0	5.519716	2	.9513566	14.07734	2.672922	1.236475
2.080849	1.232447	0	4.564569	6	.7689442	27.70195	-1.082704	5.651508
-.6577222	-1.183851	0	8.565285	5	.7522987	13.33002	-.1424864	-4.297085
-.0038635	-.7562542	1	1.273683	5	.7874078	9.876245	1.297628	-1.509071
-.3360559	.931267	0	4.070057	2	.1195728	6.589451	1.314461	1.087446
-2.260383	3.398536	0	3.282343	6	.393877	13.04949	1.32342	3.172871
-.0455438	.0231784	0	1.792816	7	.4603953	4.520054	3.482544	.1463795
.4389435	-1.951463	1	.612431	6	.985689	2.972389	.7224681	-1.662952
-1.039081	.5755629	0	3.315897	1	.2377056	6.544748	.6657057	.1006236
-.6975756	2.815448	0	1.435942	1	.5552323	5.658008	.1660161	3.421786
1.686082	2.102182	1	5.632145	9	.0165904	11.78382	-.7632858	5.706396
.0396736	.8282562	1	6.23255	2	.8081163	13.60535	-.5196326	3.170082
.6678256	2.611139	1	3.865102	4	.9849719	9.593736	-1.774845	4.402843
-1.162821	-1.477906	1	10.11191	7	.3650637	15.78285	.7955742	-7.014614
-1.585099	-4.350726	0	.9867902	6	.3296275	9.168187	-1.398348	-9.343627
-.0959236	2.210788	1	5.292393	3	.5987279	11.85329	.4287933	4.194595
1.384397	2.10355	0	3.853545	4	.929108	5.197164	.8757297	7.403592
.1471388	1.747773	1	1.501686	4	.4366042	9.760517	-.5637339	2.024268
-1.435165	3.867829	1	1.78169	3	.0901839	3.916567	.7094152	5.001065
1.673544	-.3384358	0	5.081553	3	.6637059	12.55914	1.589269	2.643774
1.122716	1.425703	0	6.320023	7	.8788022	3.378791	-.3686086	6.181778
-.6530445	-1.189703	1	2.760108	5	.2481877	9.071424	.4192487	-1.732189
-.2852106	2.209488	0	2.773835	5	.318841	4.674564	.2891137	3.633423
-.1370679	-2.481945	0	2.844469	3	.7591696	4.938555	.4945881	-3.091406
1.22838	-1.595758	1	4.203519	4	.8097247	7.179174	-.2749469	-1.735009
1.408024	-.4823747	0	2.269261	5	.4440827	7.485914	1.47055	-1.274972
-1.228262	-.8092332	1	2.203139	3	.7021644	10.11788	1.491018	-1.314928
.2137686	5.468765	1	1.073505	4	.3937324	3.204237	-.0425592	10.07375
.9158241	2.823742	1	.2415953	4	.995324	12.09621	-2.888819	7.704154
-.4988582	-.6916641	1	7.82072	4	.1562446	3.080782	1.386317	-2.779007
.6740854	1.386473	1	7.110836	3	.1296826	18.46334	.7113041	5.551294
.1856844	.7877162	0	5.509724	9	.8617202	16.34021	2.505627	2.03975
.6255603	-.8175951	1	.2996294	2	.479882	4.52006	-.1397276	.1229583
-.655491	2.104985	0	1.63642	1	.3473346	9.13295	-.2553729	3.20381
-.2095753	1.583806	0	4.325937	6	.6849363	13.33222	2.380549	3.282499
-.7241676	2.707394	1	1.345138	5	.7930698	8.931187	.19393	2.002775
1.12234	.9646117	0	1.162334	6	.9111771	4.63834	-.0905018	3.660483
.4568345	-.0436943	0	3.116212	4	.8017238	20.65429	-2.488212	1.259673
-1.319458	-.2206944	0	4.827918	3	.3803038	6.330001	-2.39772	-1.262877
.8044527	2.494117	1	2.67788	7	.0988947	6.203273	4.424865	3.558861
.871748	1.547544	1	8.329224	6	.7211223	7.666595	-.4882134	2.797817
-.4861534	1.636407	1	3.632067	2	.4454294	3.383445	-.8271616	1.57497
.0418676	1.868771	0	12.44505	5	.7940768	7.34479	1.90612	2.516423
1.016379	2.761598	0	3.452753	2	.0740184	10.30894	-.1200794	6.122395
.1252386	-2.607121	1	10.26873	3	.5636981	5.69559	-.0307234	-5.665835
-.9045002	-.856548	1	2.962754	6	.9153993	3.838381	6.546931	-3.614392
-.5808347	-.5067753	1	.9941129	4	.632225	3.697037	-.4270892	-1.191217
-1.424742	1.867495	0	4.886915	2	.7459138	10.36842	1.303348	3.682974
1.136199	-.2670146	1	1.611158	10	.4591914	10.68925	.0685927	.3424615
.2921139	6.044115	1	4.012683	6	.4583122	9.160495	.2924128	12.60315
.3096178	4.573682	0	.6872185	1	.7923464	7.831523	-1.944017	10.19467
-.7060056	.2582141	0	4.204186	3	.6021039	13.62543	-.4294204	.0941513
.0529082	1.999712	1	5.205145	4	.7011227	11.66436	1.663635	4.414536
-.2976007	.5851249	1	4.276627	4	.4728574	9.214474	.5527881	1.986941
-.2165111	1.67642	1	4.239596	7	.8112946	15.03755	-.3707408	1.913841
1.299809	-1.102832	0	5.173461	11	.1889619	11.97281	-.2721309	-1.00664
.1418742	-1.977946	1	.5021133	10	.1273327	3.351737	-.6610157	-3.413816
1.550615	.4217203	1	3.914529	1	.2265067	8.864313	-.2468092	3.535642
.2515597	2.195888	0	2.661842	5	.3369649	3.273554	-.5080582	5.704134
.5219213	-.6697158	1	3.719934	3	.8661997	6.500362	.6255077	-1.810746
-.0704348	3.586679	0	1.57296	5	.9233942	1.378247	.243619	9.736292
.4682247	.0679848	0	.4425429	1	.740212	2.052697	1.72056	.9404933
1.135783	.1837617	0	14.04695	3	.3860562	10.06627	1.645823	1.766248
-.5123183	.9008647	1	6.177872	5	.1409311	17.52429	-1.597132	.7977809
1.230411	2.099909	0	3.372137	5	.3133231	13.66076	1.76814	6.22224
-1.137331	-.1186569	0	10.94304	7	.043108	8.66466	-1.564082	-1.180367
-.2743827	-3.023044	1	.4707755	4	.8873985	15.66046	.0305581	-4.511286
-.4264619	.3700917	0	5.034762	4	.5560183	5.20086	-.5233489	-1.339935
-.3362288	2.32424	0	3.623266	2	.2967715	5.732927	-.87529	4.48673
-.2672246	3.005612	0	6.677405	4	.5803427	5.68339	-1.123483	6.54855
.5099298	2.016128	0	1.393994	3	.1914756	10.28144	-.6839556	6.832069
.1129395	1.585453	0	1.928462	2	.8258949	7.775233	-.108283	1.930487
.4352151	-1.108486	0	1.948906	6	.4361471	20.45631	-2.507108	-.1954969
-1.323763	-1.097621	0	1.432473	1	.6615179	9.132816	-.6838915	-3.061336
.365507	-1.646708	0	16.60947	2	.7884502	14.75615	3.041814	-2.024669
-1.428461	1.442712	1	.5844811	4	.1845328	8.73277	-.8309575	.9199159
-.3527708	.8254768	0	12.99883	3	.9679592	10.97176	-1.059992	.1991424
-.0646102	2.128306	0	4.063819	11	.5703554	3.992131	-.0219509	4.801355
-.2019482	1.439492	1	8.873811	4	.4997062	7.465328	.3533232	2.425223
.8477963	4.515255	1	2.507912	4	.2072219	17.37023	-.2260758	9.0524
-1.204137	.5161641	1	3.713429	7	.3236548	12.46825	1.364738	-.4386688
.2166059	.4264574	1	2.605462	4	.9409354	9.777436	-1.341161	.6944903
-.6621976	-.9944351	0	1.622614	3	.6483981	2.070297	.6684647	-3.013178
-.606875	2.126909	0	3.854992	4	.222099	11.88915	1.142742	.919698
-.116631	2.270835	1	3.358231	5	.2992429	2.178149	-.2325939	4.673659
.1313926	1.057471	0	1.971322	3	.2786171	4.650088	.7278882	3.621145
-.3845705	-.9301366	0	6.188886	5	.399317	12.08871	-.4188843	-3.720615
-1.975356	-.6503025	0	4.454499	3	.3321863	6.146629	-1.461738	-3.884545
1.446624	4.179547	0	4.443286	2	.6024429	3.351118	1.306391	9.075009
-.1528352	3.250695	0	2.020346	2	.5479161	8.266181	1.309806	8.798887
-.5537526	.9594533	1	8.371732	3	.2066354	15.49292	-.0791484	-.7644703
-1.655572	3.538612	1	1.206784	2	.3107345	6.371706	.2597583	5.732137
2.794861	.7667243	0	7.25342	2	.8482802	8.917305	.0612773	4.157172
-1.735899	-2.409932	1	.9977514	3	.297033	18.51615	-1.19087	-5.449041
.4828624	-.2362844	1	3.106897	6	.1912511	15.89023	-.8158513	-.8677973
1.495862	.644528	0	1.540637	2	.9327303	7.019125	.8137717	2.4354
1.775612	.1992328	0	.7136818	6	.2924948	4.325558	2.283007	2.937673
1.533041	2.796301	1	4.277943	5	.348473	3.405213	.8855132	5.398287
.807706	2.384365	1	1.205722	2	.7194619	11.24037	-.2848141	5.411912
.7253602	1.513412	1	16.10034	5	.4617797	8.568947	-1.820118	3.958497
.9061058	2.157975	1	4.317973	2	.5769529	9.718245	2.31275	5.791252
-2.685881	-1.365038	0	1.433419	6	.3200993	9.429574	-2.476	-6.096222
-1.277903	2.136992	1	2.372617	3	.6706094	8.043634	-1.528278	4.665025
-.5239586	2.21568	1	2.602125	2	.9354597	13.39873	.4757862	3.030018
.8698702	-3.554145	1	6.046968	2	.5728943	6.107167	-.8058365	-5.61961
1.040118	3.208124	1	1.426577	4	.4785589	7.209516	-.1703162	7.579714
-1.568616	-.5446439	0	.6772919	6	.8740149	6.595345	-.4191819	-3.492074
.2409494	3.531382	0	4.133889	6	.0809874	9.221939	-.0148144	5.437357
-1.188984	-1.285807	1	1.425429	6	.107921	10.36636	.6397391	-4.347274
-.1022815	.8641485	1	4.255594	8	.4055866	12.18885	1.674413	3.64165
-.6783351	.3420629	0	4.16738	1	.2497973	5.61205	.2120735	-.8434277
-2.006534	2.513705	0	1.851736	4	.5264707	9.486969	.8311034	2.183445
-.3832266	.9428707	0	.2592621	5	.5354263	2.163211	-1.073527	1.607693
-1.33277	3.110282	0	2.32152	6	.6614223	17.75974	.8107585	5.414666
-.5361734	2.931948	1	7.260271	0	.9162719	8.782498	.5844812	6.103159
1.535977	-.2891209	0	8.748812	2	.1182216	8.989676	1.220463	-.4976529
1.089039	3.806597	1	3.785206	2	.5655099	23.35459	-.6060824	8.014272
-1.446115	3.79117	0	2.428142	7	.5602405	17.26644	.2601374	6.09079
-.6660534	.0267509	0	6.398185	1	.7650436	4.145507	-1.448182	.9420631
.7262409	1.922733	0	3.530733	5	.0828805	4.595767	.7984026	3.413502
-.7197877	.3060845	1	1.909506	3	.2531882	7.45126	.2983955	-1.524161
1.428664	2.490133	1	3.480555	4	.6651546	21.91237	.0691732	5.472902
-1.861207	1.459518	0	2.153108	4	.7920017	10.52678	-.5581822	1.105777
1.158127	-2.90221	0	2.741189	5	.7490845	6.975039	.790507	-4.404836
.2347558	1.635342	1	6.943238	4	.4598303	8.715376	1.017062	1.837512
.1994864	-.7960641	0	3.615583	3	.3169619	7.521308	-1.003783	-1.601504
1.444645	-2.226828	1	.3382831	2	.1548511	13.00889	.784025	-2.464889
.2568011	-.4665899	0	3.202348	8	.7479578	9.895347	1.515318	.2741079
-.4792487	-2.733142	0	3.454221	5	.2793193	17.12715	.0407218	-6.081054
.255076	5.302268	1	1.159879	5	.5228348	7.278609	-.2627533	11.2451
.5560354	.8721173	1	2.915379	4	.9890515	5.615712	.8065109	3.31542
-1.798258	-1.576441	1	4.640396	0	.4970147	15.05374	-.5550698	-4.034184
-1.27296	-1.729792	0	4.48417	3	.9707284	4.935905	.2005143	-4.896026
.175548	-.3475895	0	4.567481	1	.3341964	6.246814	-1.260898	-.4194834
-1.309553	-1.980645	1	2.012753	2	.7867582	5.972115	.0220936	-6.185608
-.7548561	4.521932	0	2.98305	5	.4705476	12.13291	.0573621	7.282672
1.189875	2.890421	1	7.940441	3	.3527141	5.887215	.034808	6.648134
.5404224	-.8243895	0	4.60353	2	.8084488	8.883635	.0145766	-.2725682
1.846101	1.025989	1	6.306891	8	.9055491	9.660559	-1.29665	3.544816
1.202226	1.513702	0	4.147464	1	.6932192	9.302782	1.118418	5.341925
1.353276	2.388519	0	1.821336	9	.4064851	4.996157	1.459966	4.924536
-.0599763	2.289666	0	1.278178	6	.9190363	9.206072	2.765937	6.026793
-.1167567	-3.160301	0	4.077124	4	.4144972	1.425764	.450162	-7.054774
.4198408	.5106197	0	8.226402	1	.6680741	7.587735	-.8538943	-.7142174
-1.188903	.3640031	1	12.49065	2	.2006899	9.971481	.7046962	-2.279867
-1.836232	1.006684	1	3.88803	4	.9021895	1.887753	-1.202191	-1.511335
.4022007	1.488866	1	9.174941	2	.1335319	5.829562	-.9628404	4.071387
1.853389	-2.180101	1	2.394833	0	.6361535	4.892536	.9677226	-4.30078
-1.182597	-1.84447	0	4.646806	3	.1522467	6.136238	-.4793033	-5.48372
.2834011	3.105714	0	1.136496	4	.4908481	4.077269	-.1293313	6.412724
.2938585	-1.622491	1	1.113308	3	.5112404	3.707211	-.0650676	-3.000711
-2.096827	2.408196	1	6.475984	7	.8890985	18.34583	1.269539	2.834367
-.052662	3.391195	0	3.103657	3	.3094838	3.621803	-1.616398	6.650616
-.1591136	1.988976	0	4.060654	2	.535535	12.3701	2.412017	2.731867
1.274471	1.318893	1	3.096646	2	.0330614	8.389123	.1044722	5.57829
1.374705	.7331741	1	3.676622	3	.3869227	5.007317	.3606455	2.814777
.672011	2.633008	1	1.674706	4	.2864081	8.007166	-.1934867	5.218099
.1598892	-2.185463	1	6.050119	4	.4664854	16.9269	.9251086	-4.210242
.2856443	2.07552	1	4.140639	4	.3545258	12.796	-.2365255	3.271745
-2.228199	4.775643	1	1.718652	3	.2931171	3.696382	.178955	10.61659
2.12187	1.849004	0	3.462746	1	.5553617	5.65471	.227162	6.975296
.0560126	-2.067565	0	1.060323	2	.7535265	9.820807	-.5832194	-4.293978
.9925109	2.069818	1	2.36495	7	.0865373	13.99418	-.4114907	4.879594
-.0382041	.4287732	0	9.59996	13	.4355701	7.391064	-.7911508	.172102
2.16461	-2.840488	0	1.364386	1	.9092454	3.772127	-.9022618	-3.197251
.7344644	-1.755463	1	4.150207	3	.9393602	9.402309	.2913203	-2.580763
-1.042256	1.347305	0	8.843019	2	.7609978	11.56153	1.127711	.9801332
.5484444	-1.979391	0	2.437735	3	.2479045	8.989741	-2.697384	-3.697944
.2151211	3.360927	0	5.666398	5	.3445472	8.353258	.1398536	6.991877
1.956997	1.585917	0	4.366289	2	.7563298	3.697667	1.02338	5.57018
1.008357	1.11965	0	3.651092	3	.2399776	12.10666	-.1012782	3.467751
-.0181415	.0476169	0	4.779963	4	.2066362	9.265795	.1127228	-.9059544
-2.268521	1.338399	0	2.652859	6	.8075939	15.4383	-1.082874	-.1797113
-.2474441	.6389662	1	3.675406	6	.1936182	9.817682	7.970589	.6655808
-1.593462	2.574868	0	3.098357	2	.5658099	11.64359	.113557	2.242278
-.5144553	1.141287	1	8.894432	5	.606744	13.40816	1.299229	1.635032
-1.846865	3.933357	0	4.007704	2	.4935938	.853542	2.73532	5.350958
-.0200764	-3.995671	0	.3732087	4	.7300881	11.58529	-.6918741	-7.663567
-.6250777	.6856656	0	.9310173	4	.7379645	15.92704	.1741609	-.488158
2.109213	2.974049	1	.3493105	5	.5824198	3.864944	2.409592	8.00831
-.6289856	2.826348	0	6.091986	4	.2517381	16.49876	-.8120574	6.61987
-.6818407	-1.098343	1	4.571158	0	.8047374	8.383585	.4917488	-2.399427
-.2914008	.1872842	1	12.29299	8	.6714984	2.701793	.0348256	.5923873
.6255222	-1.741383	0	4.36906	1	.9612113	7.280153	.3887584	-2.894557
-.067036	2.02954	1	2.223566	4	.8393356	5.449423	1.388222	3.687235
1.061687	4.974237	1	1.775472	7	.2058346	16.03815	-.5320276	10.27468
-1.142176	-.2337314	0	9.093342	3	.6804887	12.75012	-1.432761	-1.881152
-2.028768	2.78826	1	6.247985	5	.4709633	21.19695	-2.454243	2.779086
-1.212474	-1.095623	1	7.126239	3	.6915244	7.416892	-1.836931	-3.559507
-.994473	-2.205239	0	1.200471	1	.3218063	11.88304	.307404	-6.415461
.5697532	-1.355839	1	2.082588	4	.041747	8.313874	1.016709	-3.263426
.2671605	-1.826132	0	1.483561	7	.241919	3.390061	-.4620125	-3.899887
2.251146	.0206877	0	4.200072	7	.9160578	11.75392	.2038772	.0113154
1.059948	3.601802	0	.8929614	6	.9926783	8.412714	-1.131402	8.353454
.8558082	1.491678	0	2.002898	4	.9548824	9.751576	-.0145516	5.126286
-.362899	2.514007	1	7.503487	5	.9654755	5.60751	1.71096	8.063107
-.4349391	.9445584	0	4.456808	3	.8457786	2.569043	1.397881	1.132781
-.8722016	2.294769	0	3.376143	4	.1706414	5.200891	2.445568	4.382899
-1.651658	3.633391	1	2.56716	4	.8220086	1.384215	-4.320873	7.789827
-.4181904	.3176057	0	.3263828	3	.3272909	8.733398	.2174342	1.873946
.1424432	2.160302	1	4.870209	3	.7582315	6.675708	-.3609971	3.41038
-1.609181	-5.26975	0	3.754267	4	.1248417	10.05624	3.096892	-12.26483
-.0945394	.8735964	0	2.28856	4	.8288413	3.893826	-.3299747	2.808508
-.4313065	4.379077	0	2.063364	2	.3468761	11.6037	.0945833	8.204548
-.3098606	2.466928	1	1.198626	3	.0809314	10.56704	.1415167	4.483764
-2.015078	.3467869	1	3.281375	2	.5888513	2.315872	.1931361	-1.799672
-.6534601	-.2544291	1	3.333892	2	.6169727	6.785081	.5958365	-1.230592
-.1074294	.8177294	0	2.59696	5	.7813526	4.429285	1.452031	1.918418
1.630128	-1.484807	0	1.483826	3	.755258	10.07557	1.732216	-.7855515
.9580944	-1.798867	0	6.278041	6	.6291271	29.29252	-1.783042	-4.28029
-.4813481	-2.981874	0	2.122247	1	.5273769	12.48453	1.692932	-7.213698
-.5571524	-.7754335	0	2.102467	3	.0645308	9.729632	.1355673	-1.812631
-.7358866	-.1844952	0	.3034999	3	.2018742	9.71095	.1144684	-1.215831
1.010093	2.644546	1	10.16205	3	.3700507	18.2214	-4.46063	6.723217
2.612439	-.4785245	1	5.946876	2	.967114	8.216997	1.105878	1.384749
.1778557	.5181575	0	3.075264	3	.5889282	7.228638	.3778342	1.160528
.3367403	-.4473225	0	2.802354	6	.2170015	10.95224	1.083139	-1.46174
.3923099	4.103908	0	12.28953	3	.1732573	5.285567	-1.138799	8.637455
.2792211	-4.237056	0	6.281555	6	.7619807	11.72632	-.4048761	-8.065606
-.3805102	1.219285	0	1.796729	3	.2905592	8.024433	2.719195	4.241116
.6530472	1.784376	0	6.787304	8	.7962059	22.45359	2.461661	5.025805
-.6116056	-2.115042	0	5.916351	5	.3686027	8.571618	.1319324	-4.699123
-.1112476	1.263426	0	1.535376	1	.7467481	2.60119	.0903789	4.052297
-1.570608	1.074077	1	9.373686	2	.2624792	13.05762	.8563491	1.437185
.9243056	.8822885	1	3.736654	5	.5274308	4.174085	.2092931	3.68165
.2369389	2.959945	0	3.718047	3	.0680974	17.88478	-2.170297	5.969795
.5654903	-1.742547	0	8.062371	1	.4841029	4.201057	-.6409919	-2.581103
-1.696874	.7735185	0	3.103856	1	.0263075	6.016327	-2.447895	-1.91454
.8299658	-.3596311	0	1.935932	3	.3115192	10.24655	-.70228	-1.608291
.701256	-3.136642	1	3.954153	6	.2183022	2.161894	.2264729	-5.409603
-.3538171	.2778336	0	6.889492	6	.1181492	2.226951	.8654204	-.217441
.241815	3.638432	1	2.966237	6	.8014563	14.62264	.214329	6.454909
.2797004	1.914524	0	3.8544	2	.1703478	7.827061	.4138665	5.217838
-.04498	5.883139	1	.7100502	7	.9623495	9.217317	1.888284	11.38407
-.4064309	1.601048	0	5.720373	3	.4717565	6.72717	1.361418	2.149336
-.0289903	2.351412	0	4.499294	2	.7226164	8.786129	1.338272	4.050432
1.350463	.4320322	0	2.320809	5	.2758479	2.492104	-.6168455	3.316368
-.7762255	-2.625437	0	.7982334	3	.4864301	9.888436	-1.636708	-6.570758
.5828066	2.028498	1	1.097218	5	.0309314	12.36577	-.6164366	5.090476
1.62613	.6450646	0	1.010881	4	.1312844	7.470429	-1.103663	2.776773
-.029369	3.0263	1	1.641595	4	.7481949	4.734878	1.941708	3.634242
.0227822	3.915139	0	10.66677	6	.2226066	5.087844	-.5298641	7.103407
.1956002	-1.495307	0	2.731676	4	.1374528	16.01287	-1.078051	-1.60254
-.3681657	-.2115811	1	2.200701	1	.2484414	5.335186	.0352067	-.6606128
.5442269	.4523338	0	4.57105	2	.7257216	8.615623	-.0792221	1.971036
-1.112118	-.5841063	1	3.184532	3	.032674	2.934361	2.073173	-2.793062
-.0460626	.0308279	1	2.933344	0	.7021706	14.49904	10.29731	1.652577
.7610562	-.5177003	1	.215536	3	.6849784	7.888529	-.9112077	-1.32111
.862316	1.909059	1	15.21052	8	.7616608	4.550371	-1.405129	4.343578
-.1632559	4.124241	1	1.493935	1	.8952878	2.230072	-.9003582	6.480474
.6002812	.5197626	1	5.675086	3	.0920202	9.091417	-1.062043	1.257563
.2913818	1.74564	1	3.76403	3	.8342786	6.21295	.6720091	2.212049
-.2208314	-.5710768	0	2.209962	13	.2728288	12.10407	-3.025813	-1.542779
-.6876032	2.332356	0	1.380813	3	.3441528	17.95437	.2430423	4.067268
.3248861	.8112411	0	4.052851	5	.9377387	3.506117	-1.416856	1.484257
-.4583946	-.4517764	1	.9930288	2	.1922029	19.97902	-1.13751	-.7904031
-.9902801	.6097926	0	1.387814	4	.279403	18.90521	-1.534026	.8031354
-1.180479	.6026441	0	2.206328	0	.4025352	7.185488	1.882134	-1.371467
-.2502932	4.244781	1	5.120406	2	.0577217	6.470126	-.1226353	9.693542
-1.576021	2.432997	0	2.491522	7	.1680675	8.355426	-1.011325	3.82481
.1509138	2.666095	1	8.825453	6	.2713961	4.284904	.2934741	6.63541
.2226478	.2620367	1	3.742534	2	.5029462	4.34574	-.5656111	2.183805
.0922124	-3.415885	0	4.938947	6	.845716	13.46203	-1.357847	-7.306297
.1009297	.5198737	1	9.248519	7	.9633421	7.525823	-.8248975	-.0105544
.1000848	.3305815	1	3.292063	5	.8156902	19.4325	1.95506	1.641973
.9398682	1.597193	0	4.371008	2	.9918367	5.712953	-.0472399	3.903278
-.2848455	-.4158598	1	2.743395	2	.9385281	10.58179	.198413	-1.291672
2.136075	.7704477	1	2.068185	5	.3211156	6.635099	.9472672	5.110837
-.0971287	1.648935	1	5.503585	3	.9214921	5.307162	1.447574	3.339903
.2448826	2.61564	1	1.349837	2	.3311163	8.372135	-.1876825	4.881477
.9815377	2.635272	0	6.043746	5	.6743243	6.396706	1.753864	6.450609
-.3102989	.6913731	1	4.985443	5	.6908321	4.070966	1.052706	1.146491
-.7744201	2.131342	0	3.418818	1	.8143699	8.571396	-1.465832	3.23841
1.62172	2.70542	0	2.721305	1	.1873355	4.504643	.9582736	7.660939
.0506524	-1.972095	0	2.956289	4	.4572822	18.13125	-.237414	-5.070364
-.0495846	-.0681986	1	2.859906	6	.6647848	1.541258	-.2383843	1.377082
.6207317	-2.009957	0	12.5475	2	.81997	9.503888	-.4762089	-3.834848
.5656469	2.086789	1	4.030921	1	.9005097	8.540546	.2287093	5.407823
-1.410948	-2.889002	0	3.79005	5	.0965209	3.283292	-1.280182	-5.553297
-1.483447	2.312249	1	3.100833	5	.9111759	3.028524	.4109266	4.224836
.1231526	2.226572	1	4.048425	3	.3881003	5.635047	.6544621	3.378884
.1318701	-1.073452	0	3.092967	3	.2764124	2.876324	-.0312683	-1.904581
-.5513846	.5365218	1	1.388552	6	.5626736	10.66619	-.1039039	-1.82721
.3903461	3.107177	0	2.445333	5	.354713	8.885382	.0559572	6.538885
.7442589	-.6633633	1	2.038738	1	.561648	5.622315	-4.682375	.6905922
-.7280818	-.0662368	1	1.254327	9	.0480854	5.479949	.8541058	.1153848
.519384	2.416108	0	1.333136	4	.0191713	3.754315	-.3745599	4.224704
1.04848	-.5124782	0	.2693311	4	.0150513	4.15771	2.080503	.2084437
-.1717771	-.1610215	1	.485812	6	.272586	4.281895	3.293235	-1.436577
.8468291	.9752753	0	1.688399	3	.9149766	6.084409	-2.0322	3.107527
-.6588629	.6328312	0	11.70023	3	.9439834	8.944672	-.0150935	.1900067
-.0120603	3.722803	1	7.104352	6	.2961854	5.572684	-2.346702	8.73799
-.2273209	3.043302	0	6.222154	3	.6359888	14.6221	-.481401	6.05263
.3843958	.5106845	0	2.357934	4	.6181145	6.073339	.3065564	.9968525
.6578931	3.886336	0	2.591839	5	.3847345	12.37664	-.6418059	7.510839
-.3998818	4.596664	1	.3136144	5	.7329133	6.33549	-.7220481	9.055743
-.0570558	1.818101	1	.2879294	7	.6835098	13.49613	.2830805	3.981437
-.071301	5.259917	1	1.760081	3	.5324842	3.500677	-.144464	13.13425
-1.346596	-1.137668	1	5.557918	5	.6635242	8.757547	-.1655134	-4.184594
-1.613799	-1.055279	0	5.051502	3	.3929661	6.603636	-.7842262	-3.982368
.0046465	1.188762	0	4.532848	7	.2077659	5.369285	.6059474	1.367864
.1917665	-3.229854	0	3.355586	3	.3846956	7.58248	-1.752007	-6.41433
-.0458702	-.6301264	0	4.218083	5	.7782311	10.09083	-.7145624	-1.326437
.2232178	-2.152755	1	3.706346	4	.1859837	9.789553	.1890025	-4.281322
.511095	.7135859	1	.4739272	3	.799605	5.477862	-1.06794	1.321304
1.892978	-.2355539	0	4.522746	4	.9328056	16.11534	-.5790193	2.327928
1.330781	1.107663	0	1.031765	9	.4978335	10.42046	.4245393	3.927193
.5322794	-1.695889	0	8.774686	5	.7908541	3.255253	-1.797312	-2.103037
.4609152	1.757008	0	4.68976	4	.0604738	2.964668	-2.748401	3.71263
1.700138	2.546318	1	2.670683	7	.0078218	7.815088	-1.231721	7.655137
-.1463113	.3279596	0	8.503167	4	.4577673	29.5477	.3327562	.3313595
.041096	1.499157	1	2.746472	5	.1695172	10.29004	-1.381146	3.804537
-1.070596	-1.17228	1	.4348828	6	.4815246	18.25022	-1.307241	-3.314268
-.1749803	3.213121	1	2.880351	4	.8209466	5.952521	1.039098	7.175699
1.925369	1.266564	0	2.295966	7	.460995	5.732466	.4357923	5.375465
-2.768309	1.663832	0	1.150569	6	.3289611	10.13663	-2.894525	1.086368
1.579867	.5037797	0	2.393604	9	.6630592	10.61513	-1.282594	2.238774
-.8728904	.4160183	1	1.469206	5	.8855376	7.057429	-1.121171	.3571755
-.0419233	1.960537	1	4.077893	3	.1373778	3.617804	.4312352	4.368783
.3404389	.0106944	1	3.963829	3	.6491332	18.14744	-1.693162	.6329138
1.875566	2.3688	0	8.007198	4	.6060791	8.000462	.3126452	7.492614
-1.14402	3.973548	0	6.43382	5	.5285499	9.486544	-.0270997	5.886213
1.617397	2.375508	0	4.047132	5	.5126377	9.362268	.922441	7.211688
-.7513171	-1.43184	1	.8652631	1	.3928123	11.85704	.2069746	-4.796856
.4208706	1.733807	0	7.021672	6	.3757355	19.8938	.6689302	3.458396
.6919503	-1.970009	0	.9528944	6	.6084609	4.132758	.3024111	-2.91198
-.7335452	4.412539	1	2.338481	2	.805985	11.24463	-.6475811	9.838881
-1.14506	-1.710656	0	1.337299	4	.6005429	5.012841	-.0261197	-6.130493
.7130898	.1447311	0	3.757831	3	.2779267	13.71241	-.7392879	.822126
-.7333998	3.250747	1	7.548295	3	.1136314	6.89397	-1.028072	6.294739
-1.551649	-1.904966	1	.9890544	3	.7504692	11.94494	1.365685	-4.987152
-.7833778	.8698913	0	8.216211	2	.2083505	1.806905	.3935098	2.373748
-.7113577	.0192653	1	2.87466	2	.529098	7.804418	-.7445938	-.9383581
-.0320987	-.9872864	0	4.586954	6	.5197069	6.716362	1.140434	-1.180982
-1.292501	.7752839	1	1.705653	7	.5850786	.9942197	-1.484325	-1.891518
.8745252	1.835031	0	4.015639	3	.8412427	6.922196	-.6891902	5.510961
.6459072	-.0256613	0	9.138727	2	.3822831	8.63485	-2.617286	-.5066325
.6087984	-2.432745	1	2.086914	3	.5250586	3.407433	1.028084	-3.907611
-.4677888	2.980573	0	1.73246	8	.2417483	6.803194	.0228081	7.343582
-.9683754	1.864364	1	1.243769	1	.6711947	3.620071	-.5937933	2.307607
.1907486	.6802564	0	2.226315	4	.7054633	7.577837	-.2528976	1.647742
-1.291247	1.963554	1	3.51773	6	.3396128	7.81153	-.6825808	2.997912
1.441978	.5590047	0	3.135113	5	.7013811	15.61439	-.1961889	2.150694
-.1446344	.9324313	1	2.880677	5	.9617587	3.669767	-.1630796	1.325082
.7115691	-.2336753	1	2.278561	5	.9447877	5.729284	-.0163899	1.195775
1.077635	2.587861	1	1.743629	4	.223188	14.83835	.0168082	4.97647
-.8337385	-.5356224	1	3.035445	6	.1047274	8.21691	-.5257812	-1.893948
.3482048	2.962789	1	1.380897	6	.1782141	9.017878	-.2940224	5.583191
1.092122	.0066376	1	8.005033	4	.1346943	5.869006	-.859898	-.0728663
.2512711	.2912684	1	3.324325	2	.623657	3.440487	-1.921914	.2145255
-.7102432	1.391149	0	.7118322	0	.4331148	2.616925	-.0848001	2.693238
-.1598949	-1.047061	0	2.523653	5	.4102606	17.66635	-1.751392	-1.292152
1.155921	.6580073	1	1.560982	2	.9803914	10.67333	.0505913	1.957316
-1.420125	-1.509317	1	7.97345	4	.3379811	6.081128	.7859882	-4.202149
.0369669	1.445446	0	.8522018	3	.0580785	14.35227	2.345958	5.10168
.467805	-.3613822	0	6.391196	5	.0868176	4.801641	-1.053936	-.8798754
-1.488773	.3557985	1	2.453339	1	.7098194	8.651878	.4250155	-.8588547
.1803309	2.81162	0	4.165857	5	.6878955	6.219972	.0458282	6.125671
-.1887162	.7303396	0	5.892384	2	.2060681	6.502107	-.8312746	2.576652
-.8455482	-3.754342	1	5.487425	6	.3785923	7.231077	-1.506799	-9.191466
1.726927	-4.52404	1	1.934292	1	.4036739	4.00505	-1.12448	-7.0719
-.5979623	1.264425	0	2.028885	2	.7332071	4.620915	-1.390228	2.660752
-.0028362	-.9051751	0	5.030188	4	.4016295	10.46934	.8684829	-1.927379
1.035826	3.395069	0	9.071261	3	.3006966	15.50588	-.0302941	8.085089
.2362906	-1.055801	1	1.593938	3	.4805684	4.953017	-1.122197	-3.78785
.6060732	6.050918	0	2.837125	0	.2854294	2.832044	-.3000634	13.29329
1.282696	-1.338024	1	2.116758	4	.0730062	5.08228	-1.549399	-.8938856
-.2500401	1.229838	0	3.280346	6	.316404	6.302081	-.2329194	1.867571
-.4827638	3.444792	1	5.893261	7	.8601344	7.423674	-.6016483	6.306781
-1.482909	-2.108718	1	3.970991	4	.4698382	4.075295	-.5887206	-6.022769
-1.189311	1.338105	0	6.137133	4	.3902026	8.836209	-.4147043	3.518044
.2256928	2.238283	1	4.454577	5	.2682322	7.13263	-.5077844	4.06511
-.6726233	3.069023	1	4.480457	8	.4994721	5.33903	-1.948856	5.447205
.3647718	.1284898	0	1.223105	3	.6593201	12.25298	-.4286306	2.746087
.3800467	1.041588	0	3.241528	4	.6390699	3.727199	.5030978	2.820942
-1.322664	.2180075	0	7.521768	4	.0319595	25.68627	-1.018368	-.6561412
-1.201436	2.676777	0	.5585587	2	.3765907	9.243973	.7521097	4.69021
.8153715	5.013045	0	1.216779	4	.8318115	8.480293	1.999506	9.62127
-.4724619	1.913942	0	3.694782	0	.7635333	6.591478	.5318336	3.970099
.0444295	-.3201826	0	3.374639	5	.5714487	3.895869	1.025748	-.6988686
-1.098764	4.464404	1	2.717375	2	.9885186	5.080513	.4101824	6.821038
-.0973542	1.367399	1	3.108442	4	.4884026	6.116992	.5303428	1.409557
.0986088	.8110182	1	2.368701	3	.4011553	14.86286	-1.038032	1.763554
.9700507	3.474977	0	1.144602	4	.4629122	5.349884	-.2255253	6.573277
-.5922835	.2073881	1	4.9507	5	.2663237	11.82191	-.7744644	2.111614
.3964604	2.567633	0	2.124104	2	.446481	14.16907	-.017331	3.779007
-.3023429	.6242808	0	.7114127	0	.7463084	11.67731	.8236577	.3471424
.2358694	1.651154	1	4.42731	3	.778757	3.241818	-2.545313	4.069716
-1.593387	-.8899439	0	1.390931	3	.4418547	7.18019	.263485	-4.420681
-.0343975	-.2610212	1	3.453867	2	.2295682	3.90773	.5110114	1.276537
-.1058547	-1.400713	0	3.455515	2	.3726636	11.49826	.2723562	-2.942872
-.5335519	1.645938	1	3.002337	2	.1515471	2.829018	.5091619	1.434802
1.496105	2.131846	0	2.196057	4	.4566527	10.37949	-.8317389	3.585624
.4262308	4.773147	0	6.964816	3	.7104506	12.94499	.8827578	9.807686
-.1862901	-.3685097	1	2.907012	5	.0352051	17.67674	.0401436	-1.774166
-.5590256	2.770668	1	2.330911	6	.8228204	24.27643	-.2315186	4.519307
.6652241	3.799176	0	2.500845	5	.8246623	5.185709	1.397282	8.218822
-.4265276	-.3665986	0	1.876728	7	.7045096	6.510503	-.9721096	-1.555406
-.8521944	1.749459	0	5.879748	3	.3885295	4.416365	.400213	2.781281
-.0752461	-2.521514	0	9.09399	3	.0190119	9.72416	-.7226812	-4.76247
.5037636	1.776249	0	4.257529	1	.5629937	6.917098	-.7621021	3.078536
